1.914999999999999758e-01 6.740000000000000158e-02 3.153000000000000247e-01 7.719999999999999085e-02 0.000000000000000000e+00 1.704100000000000059e-01 1.080000000000000057e-02
2.533099999999999796e-01 5.123000000000000470e-02 2.166000000000000147e-01 6.779999999999999916e-02 0.000000000000000000e+00 2.825799999999999979e-01 9.499999999999999764e-03
2.422200000000000186e-01 7.368000000000000937e-02 2.225000000000000033e-01 7.919999999999999263e-02 0.000000000000000000e+00 1.239199999999999885e-01 6.999999999999999278e-03
2.971399999999999597e-01 9.230000000000000704e-02 2.219000000000000139e-01 8.449999999999999178e-02 0.000000000000000000e+00 1.549000000000000099e-01 1.269999999999999948e-02
1.942500000000000060e-01 1.557199999999999973e-01 1.965999999999999970e-01 9.690000000000000002e-02 0.000000000000000000e+00 1.872299999999999798e-01 6.590000000000000371e-03
3.003299999999999859e-01 8.029999999999999638e-02 1.698000000000000065e-01 7.530000000000000582e-02 0.000000000000000000e+00 2.359600000000000031e-01 9.599999999999999159e-03
2.684300000000000019e-01 1.060999999999999999e-01 1.596000000000000196e-01 1.080000000000000127e-01 0.000000000000000000e+00 1.512900000000000078e-01 1.310000000000000053e-02
1.736199999999999966e-01 8.190000000000000058e-02 1.678999999999999937e-01 1.400000000000000133e-01 0.000000000000000000e+00 2.781800000000000384e-01 6.599999999999999964e-03
1.916899999999999993e-01 1.268999999999999850e-01 2.278999999999999915e-01 1.580000000000000016e-01 0.000000000000000000e+00 1.469100000000000128e-01 1.580000000000000154e-02
2.363399999999999945e-01 8.220000000000000917e-02 2.086000000000000076e-01 1.950000000000000067e-01 0.000000000000000000e+00 8.345000000000001028e-02 1.060000000000000005e-02
1.918199999999999905e-01 6.926999999999999824e-02 3.266999999999999904e-01 2.600000000000000228e-02 0.000000000000000000e+00 1.728699999999999959e-01 1.360000000000000098e-02
2.442599999999999771e-01 7.040000000000000424e-02 2.202000000000000068e-01 1.749999999999999889e-01 0.000000000000000000e+00 1.344800000000000162e-01 8.199999999999998956e-03
